82.500 0.000 401.449 405.382 407.809 0.659 0.22
82.500 2.752 401.896 405.662 408.532 0.583 1.28
82.499 5.490 400.348 404.623 406.563 0.554 2.11
82.499 8.243 400.675 404.825 407.982 0.531 2.88
82.500 10.928 400.619 404.854 407.569 0.522 3.72
82.501 13.588 401.829 405.987 408.055 0.521 4.42
82.498 16.260 401.451 405.472 407.895 0.520 5.23
82.501 18.941 398.725 403.107 405.797 0.519 5.94
82.501 21.638 398.643 403.548 404.962 0.518 6.72
82.502 24.280 396.692 401.669 403.185 0.516 7.46
82.498 26.903 396.766 401.324 403.655 0.516 8.23

double I_R_est =  1.621104
				+ 0.00594067 * (VAC_avg - 403.0)
				+ 0.05659171 * I_DC
				- 2.133883   * timx_rat
				+ 0.44554034 * I_DC * timx_rat;


121.000 0.000 403.719 0.592 0.260
121.001 4.088 403.267 0.487 1.73
120.999 8.014 403.036 0.451 2.880
121.000 12.029 404.129 0.447 4.030
121.000 15.991 404.118 0.444 5.170
120.999 19.914 404.376 0.442 6.300
120.999 23.863 402.530 0.441 7.440
120.998 27.787 402.055 0.438 8.610








